383
808
1193
1447
1909
2315
2657
3140
3562
3802
4187
4715
4967
5364
5857
6223
6542
7047
7306
7705
8114
8546
8979
9371
9623
10107
10495
10834
11324
11756
12005
12396
12936
13182
13577
14073
14445
14764
15267
15513
15917
16329
386
808
1195
1448
1906
2314
2658
3138
3559
3799
4184
4714
4968
5365
5854
6226
6540
7050
7303
7702
8114
8543
8980
9370
9622
10103
10499
10835
11323
11754
12005
12395
12935
13182
13581
14074
14448
14763
15268
15510
15919
16331
382
811
1197
1446
1905
2313
2656
3137
3558
3801
4184
4714
4967
5363
5857
6228
6539
7051
7305
7701
8112
8545
8977
9371
9622
10103
10499
10836
11327
11753
12004
12395
12933
13184
13579
14072
14447
14764
15270
15511
15919
16332
386
812
1196
1446
1910
2313
2658
3140
3560
3802
4185
4719
4965
5363
5855
6223
6539
7051
7305
7703
8113
8545
8981
9369
9619
10103
10496
10833
11322
11755
12003
12396
12937
13183
13581
14073
14447
14763
15270
15510
15918
16330
386
811
1195
1447
1906
2312
2658
3137
3561
3801
4185
4712
4965
5366
5856
6226
6540
7048
7302
7705
8113
8544
8979
9375
9621
10104
10496
10833
11326
11753
12004
12399
12934
13181
13578
14074
14448
14763
15271
15510
15921
16331
384
811
1198
1444
1905
2312
2656
3138
3561
3801
4183
4718
4968
5365
5854
6227
6538
7051
7306
7703
8116
8541
8980
9372
9617
10102
10498
10835
11322
11756
12002
12398
12935
13181
13578
14074
14446
14763
15271
15510
15919
16332
385
808
1196
1446
1903
2313
2656
3136
3559
3801
4183
4720
4967
5367
5858
6223
6538
7048
7304
7702
8112
8545
8979
9370
9621
10102
10495
10836
11323
11756
12000
12398
12936
13179
13580
14072
14447
14762
15269
15510
15918
16327
385
809
1198
1444
1907
2314
2656
3137
3560
3801
4182
4717
4967
5363
5856
6229
6539
7051
7302
7703
8112
8545
8981
9369
9624
10105
10497
10836
11326
11752
12000
12395
12934
13178
13578
14075
14448
14761
15270
15509
15918
16333
383
811
1196
1443
1907
2312
2657
3137
3559
3798
4184
4718
4966
5366
5858
6228
6538
7052
7303
7705
8114
8546
8980
9371
9618
10101
10495
10836
11325
11753
12003
12399
12938
13180
13577
14075
14447
14764
15270
15510
15920
16332
386
813
1201
1447
1903
2312
2655
3139
3558
3800
4186
4718
4967
5367
5857
6227
6537
7049
7304
7704
8111
8547
8982
9370
9623
10102
10496
10833
11325
11753
12004
12396
12938
13178
13581
14077
14448
14763
15271
15510
15916
16329
385
812
1195
1445
1906
2313
2657
3136
3561
3797
4183
4718
4967
5366
5861
6230
6537
7050
7305
7705
8114
8546
8979
9369
9622
10100
10497
10836
11324
11755
12001
12397
12937
13181
13578
14074
14448
14763
15272
15507
15919
16328
384
809
1197
1444
1904
2312
2657
3139
3561
3802
4183
4718
4966
5364
5857
6225
6538
7051
7302
7705
8112
8546
8981
9371
9622
10102
10497
10832
11322
11754
11998
12398
12939
13183
13581
14074
14446
14763
15268
15510
15916
16332
388
812
1200
1445
1905
2314
2655
3140
3558
3800
4182
4716
4967
5367
5857
6228
6537
7049
7304
7701
8115
8545
8977
9375
9621
10104
10496
10835
11325
11749
12002
12397
12936
13181
13581
14074
14447
14762
15269
15510
15919
16330
383
809
1200
1444
1906
2311
2655
3138
3559
3798
4184
4719
4966
5365
5859
6226
6540
7050
7305
7707
8111
8545
8979
9372
9620
10102
10496
10835
11323
11752
12003
12394
12935
13179
13578
14076
14446
14765
15272
15512
15916
16332
384
810
1197
1445
1906
2313
2651
3141
3563
3800
4185
4717
4965
5366
5855
6224
6538
7050
7305
7704
8113
8544
8981
9372
9621
10102
10494
10834
11323
11753
12000
12396
12941
13182
13578
14071
14448
14758
15271
15508
15918
16330
386
812
1198
1446
1907
2315
2657
3137
3561
3797
4182
4716
4966
5367
5854
6226
6541
7051
7303
7700
8114
8546
8978
9372
9621
10105
10500
10835
11325
11758
11998
12395
12941
13178
13578
14071
14448
14760
15271
15512
15916
16332
384
810
1197
1445
1908
2313
2657
3138
3562
3800
4184
4719
4966
5361
5858
6228
6538
7052
7302
7701
8112
8543
8981
9368
9619
10102
10493
10837
11323
11751
12002
12395
12939
13181
13578
14075
14447
14760
15271
15511
15917
16331
385
811
1198
1445
1904
2313
2656
3139
3562
3799
4185
4717
4966
5366
5857
6230
6538
7046
7303
7702
8115
8543
8981
9372
9619
10103
10497
10836
11322
11754
12003
12392
12936
13183
13579
14077
14450
14761
15272
15511
15917
16332
386
809
1198
1445
1904
2314
2654
3138
3561
3797
4182
4719
4962
5365
5856
6227
6538
7054
7303
7702
8113
8543
8979
9372
9620
10103
10498
10837
11323
11755
12001
12397
12936
13180
13580
14077
14449
14761
15274
15510
15918
16333
381
809
1199
1444
1903
2316
2658
3140
3558
3798
4181
4720
4965
5367
5859
6225
6540
7052
7304
7702
8112
8546
8980
9371
9619
10099
10496
10835
11327
11756
12003
12396
12939
13181
13579
14074
14443
14763
15270
15511
15919
16331
